[PreProcessConfig]
Para1=3.3069131e-01
Para2=2.0153604e-01
Para3=1.0683311e-01
Para4=1.1487933e+00
Para5=4.4420006e-02
Para6=-2.5630934e-02

